18347
153814
240711
240712
240809
240814
241330
251092
251575
253017
253018
253149
269383
270887
275655
275660
275693
275909
275957
278617
278618
278851
1038496
1083283
1083284
1083289
1083335
1083336
1083337
1083338
1083442
1084187
1084205
1084383
1084639
1084653
1084692
1084694
1084726
1085087
1085088
1085500
1085501
1085502
1085594
1085612
1086457
1086526
1086735
1092096
1099655
1099714
1099758
1099767
1099819
1099837
1100384
1101151
1171966
1246349
1246350
1246351
1296162
1425071
2127879
2189933
2248566
2282933
2295651
2296476
2296516
2391248
2391251
2429184
2633046
2633047
2633117
2633118
2633185
2633186
2633187
2633188
2633189
2633190
2633355
2633356
2633357
2633358
2633359
2633360
2633448
2633449
2633450
2633900
2633901
2633902
2634260
2634261
2634262
2634263
2634285
2634286
2634322
2634323
2634324
2634325
2634326
2634327
2634328
2634329
2634347
2634437
2634438
2634439
2634440
2634441
2634662
2634664
2634666
2634820
2634828
2635595
2635596
2635597
2635598
2635599
2635600
2635601
2635802
2635803
2635804
2635805
2635806
2635807
2635808
2635809
2635810
2635811
2635812
2635813
2635814
2635815
2635816
2635817
2635913
2635914
2635915
2636191
2636192
2636193
2636251
2636252
2636253
2636254
2636255
2636256
2636274
2636275
2636276
2636277
2636278
2636279
2636280
2637884
2637885
2637928
2637994
2638013
2638058
2638059
2638060
2638061
2638094
2638095
2640653
2654143
2659174
2669608
2670587
2673823
2731429
2736250
2736636
2736767
2736800
2737179
2737797
2737798
2737799
2737800
2795996
3011433
3356466
3362021
3367439
3379396
3381695
3595434
3596019
3742018
3751998
3915215
4269591
4430155
4436627
4505278
4505279
4505280
4505281
4505282
4505309
4505314
4505364
4505365
4505416
4512481
4515408
4515409
4515423
4517195
4517196
4517197
4517316
4517317
4517318
4517319
4517326
4517338
4517351
4517352
4517353
4517377
4517407
4517408
4517409
4517419
4517420
4518097
4518138
4519845
4519846
4519884
4520013
4523456
4523457
4523458
4523459
4523460
4523462
4523550
4523551
4523552
4523558
4523678
4523679
4523757
4523758
4523759
4523810
4525611
4525612
4525613
4525614
4525636
4525644
4525645
4525646
4525647
4526298
4526304
4533845
4538068
4546361
4546362
4546363
4546975
4547029
4560065
4560071
4635430
4830815
4831945
4831946
4831947
4831948
4831949
4831950
4831951
4832005
4832006
4832007
4832008
4832513
4832705
4832706
4832779
4832780
4832781
4832782
4832783
4839743
4839744
4839746
4839747
4839748
4839749
4839750
4839751
4839752
4844031
4844032
4844033
5149109
5149112
5149760
5149858
5176098
5210616
5210617
5210619
5210620
5228972
